107.95 139.7 3 
107.95 139.7 3 

107.95 139.7 3 
165.906349856 145.766722303 3 

107.95 139.7 3 
159.291154394 147.798317193 3 

107.95 139.7 3 
107.95 139.7 3 

107.95 139.7 3 
107.95 139.7 3 

107.95 139.7 3 
117.840468894 142.899765629 3 

107.95 139.7 3 
107.95 139.7 3 

107.95 139.7 3 
133.353854543 150.959162821 3 

107.95 139.7 3 
107.95 139.7 3 

107.95 139.7 3 
196.95777171 190.838467191 3 

107.95 139.7 3 
164.031539783 175.934929946 3 

107.95 139.7 3 
149.752603272 169.90989237 3 

107.95 139.7 3 
115.190136399 145.530125224 3 

107.95 139.7 3 
107.95 139.7 3 

107.95 139.7 3 
112.629489954 144.349951588 3 

107.95 139.7 3 
132.856179727 167.173952259 3 

107.95 139.7 3 
125.32483864 160.999411091 3 

107.95 139.7 3 
111.847835964 145.022269328 3 

107.95 139.7 3 
125.970790064 167.207437649 3 

107.95 139.7 3 
125.01588034 168.972886622 3 

107.95 139.7 3 
128.044060982 178.708392335 3 

107.95 139.7 3 
130.666364858 190.090731869 3 

107.95 139.7 3 
120.065114903 170.80870142 3 

107.95 139.7 3 
119.744578305 175.383878553 3 

107.95 139.7 3 
112.830120946 157.535851389 3 

107.95 139.7 3 
130.973206188 245.16627175 3 

107.95 139.7 3 
112.728579433 168.796556121 3 

107.95 139.7 3 
107.95 139.7 3 

107.95 139.7 3 
107.95 139.7 3 

107.95 139.7 3 
107.95 139.7 3 

107.95 139.7 3 
107.95 139.7 3 

107.95 139.7 3 
106.34667976 156.013809635 3 

107.95 139.7 3 
106.081478125 152.053703233 3 

107.95 139.7 3 
107.95 139.7 3 

107.95 139.7 3 
107.95 139.7 3 

107.95 139.7 3 
107.95 139.7 3 

107.95 139.7 3 
107.95 139.7 3 

107.95 139.7 3 
107.95 139.7 3 

107.95 139.7 3 
104.467817129 146.675534543 3 

107.95 139.7 3 
107.95 139.7 3 

107.95 139.7 3 
103.653103897 146.443696193 3 

107.95 139.7 3 
107.95 139.7 3 

107.95 139.7 3 
104.715844818 143.768809288 3 

107.95 139.7 3 
103.581503268 144.643269394 3 

107.95 139.7 3 
83.5188008608 164.599778767 3 

107.95 139.7 3 
101.029043538 146.054413095 3 

107.95 139.7 3 
99.9367195807 146.321722733 3 

107.95 139.7 3 
73.9177001149 164.956649763 3 

107.95 139.7 3 
48.5018512356 179.186179453 3 

107.95 139.7 3 
98.4866790013 145.29763741 3 

107.95 139.7 3 
102.458922672 142.572713947 3 

107.95 139.7 3 
62.5197319846 160.527301051 3 

107.95 139.7 3 
100.981879773 142.464639078 3 

107.95 139.7 3 
100.563135051 142.193572924 3 

107.95 139.7 3 
107.95 139.7 3 

107.95 139.7 3 
107.95 139.7 3 

107.95 139.7 3 
107.95 139.7 3 

107.95 139.7 3 
97.0302128468 140.983057843 3 

107.95 139.7 3 
107.95 139.7 3 

107.95 139.7 3 
107.95 139.7 3 

107.95 139.7 3 
107.95 139.7 3 

107.95 139.7 3 
107.95 139.7 3 

107.95 139.7 3 
107.95 139.7 3 

107.95 139.7 3 
107.95 139.7 3 

107.95 139.7 3 
107.95 139.7 3 

107.95 139.7 3 
107.95 139.7 3 

107.95 139.7 3 
107.95 139.7 3 

107.95 139.7 3 
107.95 139.7 3 

107.95 139.7 3 
107.95 139.7 3 

107.95 139.7 3 
75.7394756434 121.732483129 3 

107.95 139.7 3 
107.95 139.7 3 

107.95 139.7 3 
107.95 139.7 3 

107.95 139.7 3 
107.95 139.7 3 

107.95 139.7 3 
107.95 139.7 3 

107.95 139.7 3 
87.2750795602 119.66952715 3 

107.95 139.7 3 
85.3524173073 115.398376595 3 

107.95 139.7 3 
107.95 139.7 3 

107.95 139.7 3 
107.95 139.7 3 

107.95 139.7 3 
107.95 139.7 3 

107.95 139.7 3 
79.0455783449 91.5330963807 3 

107.95 139.7 3 
107.95 139.7 3 

107.95 139.7 3 
107.95 139.7 3 

107.95 139.7 3 
107.95 139.7 3 

107.95 139.7 3 
107.95 139.7 3 

107.95 139.7 3 
107.95 139.7 3 

107.95 139.7 3 
105.153454893 127.625357229 3 

107.95 139.7 3 
104.495617625 120.212970302 3 

107.95 139.7 3 
106.438018377 127.499022143 3 

107.95 139.7 3 
107.95 139.7 3 

107.95 139.7 3 
107.95 139.7 3 

107.95 139.7 3 
107.95 139.7 3 

107.95 139.7 3 
108.537589831 132.828270592 3 

107.95 139.7 3 
107.95 139.7 3 

107.95 139.7 3 
107.95 139.7 3 

107.95 139.7 3 
107.95 139.7 3 

107.95 139.7 3 
117.041846612 109.660266137 3 

107.95 139.7 3 
107.95 139.7 3 

107.95 139.7 3 
107.95 139.7 3 

107.95 139.7 3 
107.95 139.7 3 

107.95 139.7 3 
107.95 139.7 3 

107.95 139.7 3 
107.95 139.7 3 

107.95 139.7 3 
107.95 139.7 3 

107.95 139.7 3 
107.95 139.7 3 

107.95 139.7 3 
107.95 139.7 3 

107.95 139.7 3 
107.95 139.7 3 

107.95 139.7 3 
107.95 139.7 3 

107.95 139.7 3 
107.95 139.7 3 

107.95 139.7 3 
107.95 139.7 3 

107.95 139.7 3 
107.95 139.7 3 

107.95 139.7 3 
107.95 139.7 3 

107.95 139.7 3 
136.9807193 124.040841753 3 

107.95 139.7 3 
141.189867665 123.948886962 3 

107.95 139.7 3 
125.420024697 132.511289152 3 

107.95 139.7 3 
139.726047388 128.523171693 3 

107.95 139.7 3 
133.361254026 132.225504173 3 

107.95 139.7 3 
107.95 139.7 3 

