1079.5 1397.0 3 
1579.69404841 1443.14064291 3 

1079.5 1397.0 3 
1872.46031599 1507.11052584 3 

1079.5 1397.0 3 
1534.67745606 1572.46905107 3 

1079.5 1397.0 3 
1617.88656241 1633.52156098 3 

1079.5 1397.0 3 
1683.26611792 1696.07941351 3 

1079.5 1397.0 3 
1786.11874033 1788.47544502 3 

1079.5 1397.0 3 
1375.62465234 1579.33509694 3 

1079.5 1397.0 3 
1621.42230091 1766.08354691 3 

1079.5 1397.0 3 
1603.88011107 1790.60887177 3 

1079.5 1397.0 3 
1353.32005993 1622.94237616 3 

1079.5 1397.0 3 
1359.64829967 1650.69256929 3 

1079.5 1397.0 3 
1316.84226131 1632.67522705 3 

1079.5 1397.0 3 
1523.84349472 1880.78321177 3 

1079.5 1397.0 3 
1470.02031485 2090.32109754 3 

1079.5 1397.0 3 
1442.07974521 2116.16834357 3 

1079.5 1397.0 3 
1221.6137843 1714.39497415 3 

1079.5 1397.0 3 
1372.2760141 2140.81495654 3 

1079.5 1397.0 3 
1400.58002271 2337.46916606 3 

1079.5 1397.0 3 
1326.99189526 2248.0446745 3 

1079.5 1397.0 3 
1156.61690417 1716.25666385 3 

1079.5 1397.0 3 
1143.69112461 1728.94886744 3 

1079.5 1397.0 3 
1189.43824026 2149.73551009 3 

1079.5 1397.0 3 
1111.13760835 1715.41814237 3 

1079.5 1397.0 3 
1099.08912917 1765.97365263 3 

1079.5 1397.0 3 
1082.01923551 1754.40946609 3 

1079.5 1397.0 3 
1064.92600081 1771.03944469 3 

1079.5 1397.0 3 
1058.09060382 1648.4565625 3 

1079.5 1397.0 3 
1048.91685938 1629.24893584 3 

1079.5 1397.0 3 
983.653752138 1933.07914416 3 

1079.5 1397.0 3 
928.943430812 2061.17639521 3 

1079.5 1397.0 3 
871.939440489 2150.17224383 3 

1079.5 1397.0 3 
753.757851869 2397.01152882 3 

1079.5 1397.0 3 
954.997842771 1726.87538452 3 

1079.5 1397.0 3 
763.152480024 2131.09994593 3 

1079.5 1397.0 3 
1004.47504167 1551.17921229 3 

1079.5 1397.0 3 
739.231289994 2021.53410759 3 

1079.5 1397.0 3 
641.408509745 2119.8532288 3 

1079.5 1397.0 3 
868.957246281 1710.87057584 3 

1079.5 1397.0 3 
604.148593636 2039.66595092 3 

1079.5 1397.0 3 
621.581410651 1959.98939818 3 

1079.5 1397.0 3 
569.64314729 1968.06481128 3 

1079.5 1397.0 3 
753.425476837 1730.04345351 3 

1079.5 1397.0 3 
743.759330878 1709.7612112 3 

1079.5 1397.0 3 
462.808624108 1920.6479107 3 

1079.5 1397.0 3 
839.6958467 1582.34324625 3 

1079.5 1397.0 3 
765.209607092 1617.60068745 3 

1079.5 1397.0 3 
168.349654587 1975.90007605 3 

1079.5 1397.0 3 
204.522223558 1897.99674894 3 

1079.5 1397.0 3 
735.706362158 1573.37888619 3 

1079.5 1397.0 3 
850.999424724 1501.25089134 3 

1079.5 1397.0 3 
336.646686797 1695.46163188 3 

1079.5 1397.0 3 
843.529382475 1479.42294082 3 

1079.5 1397.0 3 
392.208733788 1602.13577155 3 

1079.5 1397.0 3 
369.443604427 1573.821096 3 

1079.5 1397.0 3 
816.677232265 1449.74818786 3 

1079.5 1397.0 3 
376.493982128 1504.74128917 3 

1079.5 1397.0 3 
369.882425072 1472.56139744 3 

1079.5 1397.0 3 
839.642298937 1411.43031251 3 

1079.5 1397.0 3 
448.043173169 1405.90221244 3 

1079.5 1397.0 3 
746.401051369 1386.37199755 3 

1079.5 1397.0 3 
393.31485814 1343.44593018 3 

1079.5 1397.0 3 
680.485788937 1347.31538333 3 

1079.5 1397.0 3 
831.956297883 1354.53970338 3 

1079.5 1397.0 3 
634.839807936 1299.49374041 3 

1079.5 1397.0 3 
695.776921896 1294.15738281 3 

1079.5 1397.0 3 
850.659347066 1274.40317551 3 

1079.5 1397.0 3 
543.353919254 1077.20918256 3 

1079.5 1397.0 3 
466.941411336 992.329902116 3 

1079.5 1397.0 3 
898.802159979 1222.56075023 3 

1079.5 1397.0 3 
792.575052837 1093.31411005 3 

1079.5 1397.0 3 
824.96558473 1101.48625614 3 

1079.5 1397.0 3 
872.352471951 1132.8536826 3 

1079.5 1397.0 3 
979.461408047 1070.2501486 3 

1079.5 1397.0 3 
879.976427425 619.199706768 3 

1079.5 1397.0 3 
875.121301567 414.606594843 3 

1079.5 1397.0 3 
950.543206646 593.430481718 3 

1079.5 1397.0 3 
1237.09741366 960.92637552 3 

