119.6086 234.696
152.6413 254.8128
67.1449 253.6952
149.4028 210.1088
65.2018 252.2982
117.4496 39.3954
197.7644 68.453
68.2244 74.041
92.6211 220.726
97.5868 235.2548
163.8681 121.539
160.8455 216.8144
113.7793 30.734
149.4028 200.8886
60.0202 195.58
100.8253 128.2446
158.2547 252.857
138.6078 28.4988
62.3951 252.0188
97.3709 134.112
92.6211 140.8176
163.4363 92.202
112.6998 186.9186
147.8915 212.344
116.3701 34.3662
111.8362 150.3172
110.7567 33.528
118.0973 119.3038
114.8588 153.67
161.2773 128.524
137.5283 157.861
116.8019 134.3914
153.9367 72.3646
125.4379 101.4222
142.2781 172.3898
140.9827 35.7632
86.1441 151.1554
148.1074 190.2714
152.4254 242.2398
48.7934 20.955
117.6655 125.4506
138.176 30.734
149.1869 224.917
84.8487 252.0188
67.5767 179.3748
193.0146 255.651
154.5844 253.4158
140.9827 53.6448
75.3491 253.9746
107.95 84.6582
